unit: mm

objects:
  cylinder:
    symmetry:
      axis: "+z"
      yaw_candidates_deg: [0.0, 180.0]

    object_to_center:
      unit: mm
      matrix:
        - [1.0, 0.0, 0.0,  0.0]
        - [0.0, 1.0, 0.0,  0.0]
        - [0.0, 0.0, 1.0, 15.0]
        - [0.0, 0.0, 0.0,  1.0]

    centered_object_to_tcp:
      unit: mm
      matrix:
        - [0.707107, 0.0,  0.707107,   0.0]
        - [0.707107, 0.0, -0.707107,   0.0]
        - [0.0,      1.0,  0.0,       40.0]
        - [0.0,      0.0,  0.0,        1.0]

  hole:
    symmetry:
      axis: "+z"
      yaw_candidates_deg: [0.0, 180.0]

    object_to_center:
      unit: mm
      matrix:
        - [ 0.707107, 0.707107, 0.0,  0.0]
        - [-0.707107, 0.707107, 0.0,  0.0]
        - [ 0.0,      0.0,      1.0, 15.0]
        - [ 0.0,      0.0,      0.0,  1.0]

    centered_object_to_tcp:
      unit: mm
      matrix:
        - [0.707107, 0.0,  0.707107,   0.0]
        - [0.707107, 0.0, -0.707107,   0.0]
        - [0.0,      1.0,  0.0,       40.0]
        - [0.0,      0.0,  0.0,        1.0]

  cross:
    symmetry:
      axis: "+z"
      yaw_candidates_deg: [0.0, 180.0]

    object_to_center:
      unit: mm
      matrix:
        - [1.0, 0.0, 0.0,  0.0]
        - [0.0, 1.0, 0.0,  0.0]
        - [0.0, 0.0, 1.0, 15.0]
        - [0.0, 0.0, 0.0,  1.0]

    centered_object_to_tcp:
      unit: mm
      matrix:
        - [0.707107, 0.0,  0.707107,   0.0]
        - [0.707107, 0.0, -0.707107,   0.0]
        - [0.0,      1.0,  0.0,       40.0]
        - [0.0,      0.0,  0.0,        1.0]